40
3
16 16 7 14 7 13 8 9 17 13 7 10 4 16 16 16 0 7 0 14 7 7 12 1 15 10 10 2 0 2 12 8 18 11 2 6 4 2 15 1 
15 2 4 0 19 0 8 11 19 8 5 19 15 18 12 2 0 2 17 12 16 9 12 15 0 14 1 16 9 8 17 4 3 13 16 14 13 4 5 5 
4 11 4 19 1 8 14 13 11 11 6 7 12 18 14 4 5 15 0 14 16 9 10 19 3 19 13 8 3 18 13 8 1 9 19 14 18 13 8 1 
4 6 0 16 16 15 0 13 2 12 7 18 2 10 17 5 9 2 5 4 1 11 4 14 0 16 9 10 9 9 3 6 7 4 14 3 11 7 17 13 
19 16 12 1 18 1 18 19 16 16 4 17 7 0 3 19 16 4 10 18 13 13 4 12 9 18 16 0 5 5 14 17 1 18 18 12 11 9 11 7 
5 7 16 4 8 12 3 16 16 5 6 2 19 2 14 0 13 2 1 10 7 7 7 1 17 18 13 0 7 4 0 4 4 8 8 4 0 3 0 17 
9 19 19 0 1 5 0 14 8 13 5 7 12 12 8 1 10 1 2 9 18 14 5 2 2 5 18 3 9 18 12 18 17 3 18 11 8 18 5 8 
4 10 16 16 15 4 18 17 18 0 7 8 6 4 2 8 10 0 3 19 10 15 9 0 18 7 11 19 17 16 7 1 19 15 10 14 0 8 11 10 
0 10 10 6 15 12 6 17 4 10 8 14 5 17 6 16 16 17 7 5 14 6 7 13 2 17 19 14 17 10 16 17 1 6 15 8 10 1 5 14 
11 13 0 9 2 7 5 18 16 4 3 10 10 2 15 12 11 6 6 8 17 2 17 10 0 12 18 10 6 3 16 17 8 9 6 10 16 3 0 12 
7 3 15 18 6 2 2 9 9 1 18 18 15 7 8 16 12 6 18 18 1 15 7 1 4 6 3 12 9 3 16 9 6 3 19 4 18 13 6 7 
14 16 17 2 3 5 18 15 3 8 5 16 15 13 17 11 19 0 3 0 15 12 1 1 15 0 18 13 14 4 12 0 0 9 2 15 14 12 3 9 
13 8 5 8 13 14 0 4 6 15 5 1 7 6 15 3 19 13 8 5 9 1 17 1 10 0 8 17 4 11 18 17 12 4 18 5 10 18 10 17 
5 7 10 13 13 5 8 4 10 16 1 11 9 19 12 12 11 1 1 15 4 19 5 16 15 15 2 6 5 12 15 10 19 5 15 4 3 3 1 13 
12 2 17 1 1 1 13 12 2 14 0 19 6 17 15 1 12 17 19 17 1 14 19 12 12 15 9 15 18 10 0 10 4 9 4 6 11 9 10 5 
16 10 4 2 19 0 3 11 9 15 0 3 9 0 7 13 7 16 0 17 18 13 0 3 2 4 1 13 13 11 19 9 2 3 3 1 15 7 5 17 
2 17 0 3 9 7 9 16 16 9 14 14 14 14 9 17 10 10 2 3 2 1 5 16 17 8 9 4 7 6 1 1 4 1 17 13 1 6 10 9 
7 16 3 2 2 5 19 12 7 1 15 9 15 12 17 4 1 19 8 0 5 10 2 1 3 11 15 16 17 17 5 4 5 1 18 7 6 9 19 13 
3 6 15 18 19 4 14 12 15 2 4 1 4 6 14 8 17 1 16 6 18 2 3 3 3 1 2 1 11 1 6 6 0 13 4 19 10 18 3 5 
12 7 18 17 6 13 17 15 14 13 14 5 7 17 0 10 10 3 3 13 16 10 19 16 15 15 7 5 13 10 11 18 10 1 15 8 14 4 15 1 
17 9 6 5 18 6 7 1 1 3 14 18 13 14 14 0 1 2 6 15 4 9 5 6 10 12 6 17 16 2 18 5 3 4 2 14 2 10 15 4 
13 1 2 18 15 8 18 17 2 16 4 19 17 1 5 8 13 12 17 9 6 15 14 9 19 17 15 1 19 10 17 4 12 19 2 19 0 12 8 2 
1 4 1 18 5 19 18 10 3 15 19 9 10 6 10 1 15 6 15 14 16 12 18 0 4 12 12 4 16 0 18 9 17 12 8 14 3 18 5 6 
6 4 15 8 2 5 2 17 11 17 11 0 1 1 12 5 5 4 1 2 17 0 11 14 4 11 8 7 2 13 13 8 10 0 8 12 17 10 2 1 
19 5 1 1 7 5 6 4 10 0 6 7 12 10 1 16 1 1 15 15 7 0 15 17 0 4 1 17 6 3 18 6 1 11 7 0 17 5 4 19 
5 3 6 17 13 19 5 6 12 0 2 19 0 9 16 12 13 10 10 12 5 0 18 6 4 17 6 1 14 3 12 12 6 10 9 19 9 7 17 13 
19 19 13 0 9 1 4 14 11 14 6 17 7 16 15 11 5 14 4 0 17 16 12 3 6 13 14 7 0 11 0 0 11 13 12 12 7 16 18 18 
3 17 7 10 13 3 13 19 17 17 11 14 13 15 9 11 8 3 10 1 14 10 13 17 16 17 1 3 5 0 13 8 17 1 10 10 4 15 1 13 
12 4 19 17 19 8 0 8 11 10 1 17 13 14 15 1 11 16 4 16 8 9 17 5 10 19 8 6 15 1 11 7 6 10 17 5 10 17 5 1 
8 18 11 13 4 18 14 15 6 10 4 15 19 13 12 2 12 0 0 19 14 12 19 0 2 16 17 13 5 15 6 5 13 9 18 18 7 12 5 14 
2 1 9 14 6 1 16 19 14 16 10 8 8 9 0 3 5 9 8 11 4 6 16 10 16 7 0 15 19 5 9 14 19 10 8 5 4 16 16 10 
4 7 18 13 16 10 8 14 19 8 17 4 14 5 6 2 12 6 18 12 11 19 18 2 10 18 8 6 14 16 16 18 3 6 3 12 16 3 6 15 
11 3 11 18 8 17 12 1 3 2 5 7 2 15 9 4 13 9 10 7 6 6 17 1 12 13 13 8 16 19 15 0 2 7 10 3 4 2 4 8 
5 1 7 19 16 8 3 9 18 13 8 16 11 17 17 3 10 3 3 19 2 18 19 17 5 9 12 2 3 16 2 0 9 9 19 17 17 2 6 7 
7 6 3 18 15 13 13 6 16 16 5 18 7 16 7 4 5 19 6 8 7 8 9 8 9 0 5 7 3 3 14 2 1 10 1 17 3 6 3 19 
3 0 9 2 16 9 6 13 8 13 1 8 13 2 16 3 15 14 2 10 17 8 12 19 18 5 16 13 12 11 12 7 11 14 9 19 3 15 12 3 
0 5 3 14 0 12 9 15 6 11 5 3 19 17 14 10 15 10 3 7 1 8 14 4 2 15 3 17 10 15 12 11 1 16 17 13 8 6 8 6 
17 13 9 8 2 4 18 17 6 2 16 0 10 2 4 4 17 0 1 0 7 13 3 0 1 12 13 1 18 1 7 7 6 9 15 1 13 6 10 11 
8 7 11 10 1 8 14 11 0 7 3 19 0 18 0 14 10 5 15 8 19 15 15 17 4 2 18 9 8 9 0 8 8 4 18 1 4 12 12 4 
11 7 3 4 5 15 18 15 1 5 3 12 0 10 9 16 5 8 5 13 9 18 2 17 2 12 18 6 17 3 2 8 10 17 12 8 13 10 3 6 
16 19 18 8 1 19 5 6 7 10 12 8 0 6 5 2 18 16 0 15 11 14 4 13 12 16 1 5 19 5 3 7 16 13 15 17 12 12 4 12 
15 16 0 15 2 18 10 12 14 10 8 17 5 4 10 17 0 12 14 19 17 17 18 13 2 14 2 14 18 6 18 13 14 19 9 8 17 19 1 3 
1 1 0 6 5 2 15 17 14 1 17 3 10 7 8 12 13 11 19 12 17 17 5 4 8 14 4 5 5 17 0 7 18 12 5 3 15 13 1 1 
14 10 5 17 9 13 9 3 4 0 15 14 18 0 10 6 7 14 4 12 12 16 19 2 1 5 18 16 10 11 17 4 13 14 1 2 8 3 5 12 
3 0 18 13 1 8 12 8 3 8 12 7 4 12 9 5 9 7 13 19 18 3 15 11 17 9 6 5 12 11 10 7 12 8 13 5 17 5 5 12 
13 17 19 9 1 0 15 2 0 0 13 10 3 9 2 1 10 0 18 14 11 8 1 15 9 6 0 6 3 17 10 16 7 1 18 0 1 13 15 13 
13 8 4 9 9 18 10 19 18 8 5 9 9 7 5 18 5 17 16 9 7 18 17 6 19 15 6 12 0 1 6 6 2 10 15 3 8 17 15 18 
17 0 7 6 19 4 16 5 2 4 6 1 2 3 7 1 11 13 6 11 7 4 9 1 14 4 4 14 13 19 12 11 12 11 9 11 16 18 16 10 
2 2 11 5 18 10 18 9 15 4 0 2 8 2 15 14 18 0 0 12 11 4 15 3 8 4 7 4 2 3 6 17 18 9 2 8 19 0 17 14 
17 9 9 17 11 16 4 10 8 4 2 0 1 9 15 9 13 2 5 8 18 3 5 8 12 19 16 3 11 5 9 8 14 18 18 18 7 2 8 15 
18 2 7 19 11 3 0 16 17 17 16 7 0 13 15 12 12 3 15 4 8 5 4 15 15 2 13 2 4 1 10 15 15 17 14 18 12 7 14 10 
4 3 9 17 16 17 9 9 0 17 5 1 14 9 16 9 4 9 4 0 2 14 15 17 3 2 15 16 9 1 18 5 4 7 2 1 4 4 2 17 
1 7 18 7 8 14 8 12 15 12 5 17 18 0 14 2 2 1 18 3 2 8 1 7 15 3 8 0 19 10 17 12 9 7 19 9 13 8 2 8 
12 19 17 11 19 3 5 2 4 15 17 18 3 18 5 18 14 5 10 13 7 19 6 16 18 17 6 11 5 0 11 18 19 8 1 10 11 6 4 7 
13 2 6 8 12 3 6 6 9 9 12 16 0 10 5 19 7 3 10 13 15 14 3 6 14 16 8 18 14 13 5 7 7 3 15 19 7 13 6 16 
2 18 4 15 8 1 14 7 16 16 12 11 10 15 9 5 11 18 15 5 11 0 4 18 4 11 17 11 5 15 19 19 5 3 14 5 17 0 13 13 
17 17 5 19 13 6 16 16 4 11 14 7 12 10 17 8 2 7 11 7 14 10 18 0 5 13 17 2 13 2 16 2 0 13 2 5 19 10 13 16 
2 19 15 6 10 13 14 4 12 5 11 6 15 1 18 0 6 16 15 12 18 11 14 10 4 8 15 15 19 9 3 1 8 19 7 10 4 13 14 16 
10 17 14 5 19 13 17 17 9 12 9 19 15 16 10 11 4 17 7 15 18 2 16 19 1 15 9 17 0 16 5 10 13 0 7 4 13 17 2 14 
1 3 13 17 19 15 8 4 13 7 11 11 10 0 10 3 15 12 1 8 8 18 18 13 18 18 18 3 15 12 17 16 15 3 13 15 10 14 11 15 
1 2 19 3 2 9 19 10 13 12 18 1 10 8 7 9 6 5 4 13 17 14 10 4 17 15 19 19 9 10 15 3 5 14 6 7 15 17 17 9 
9 7 2 0 8 9 1 14 6 5 8 15 19 10 0 8 5 19 8 7 2 3 10 19 17 8 6 4 6 16 13 15 3 8 15 11 9 8 18 16 
14 18 3 13 8 3 14 5 15 2 12 9 5 14 8 14 3 14 18 1 2 4 8 6 4 16 9 13 4 19 1 18 9 5 4 17 8 18 15 15 
12 7 4 9 2 12 3 17 19 13 10 1 9 18 19 13 14 1 19 19 12 0 9 2 5 5 11 6 3 6 13 15 6 18 16 0 2 19 17 13 
5 7 7 6 17 18 12 12 11 11 3 4 3 12 6 1 18 9 19 13 16 12 1 2 10 17 2 5 9 11 10 14 10 17 12 7 8 4 11 19 
15 14 15 19 7 1 12 17 11 11 10 19 3 11 1 6 9 15 3 18 18 13 4 0 3 16 19 11 1 11 2 8 5 18 19 4 11 11 1 2 
2 4 13 18 15 6 4 16 1 7 14 11 12 10 11 15 19 11 18 12 14 1 0 11 19 12 16 10 3 9 5 18 13 18 8 1 5 12 17 18 
11 4 2 3 6 13 11 5 16 9 17 10 10 18 14 9 2 2 0 17 11 17 7 17 15 15 10 12 7 7 11 10 3 13 6 10 18 17 15 15 
6 13 17 17 3 11 6 5 13 18 14 17 15 2 6 3 17 16 15 17 15 6 7 19 11 13 1 10 10 16 17 9 1 6 6 16 18 12 13 3 
3 8 12 10 10 18 13 19 6 9 16 14 7 16 13 19 1 6 9 4 2 18 13 16 4 19 4 2 3 18 18 18 18 10 9 8 1 2 19 19 
3 16 13 11 4 6 10 5 4 11 1 19 9 14 15 13 5 19 8 1 9 18 19 7 0 8 7 1 3 7 1 6 15 6 9 11 5 19 8 9 
2 10 8 11 16 3 17 2 15 17 3 4 15 2 12 7 3 11 1 18 18 14 16 5 0 6 16 5 5 5 15 0 15 3 3 11 19 0 5 14 
9 0 10 16 15 14 4 18 6 5 8 4 19 4 2 19 10 18 5 8 3 12 8 10 15 11 14 6 4 19 12 5 0 3 2 15 17 6 5 3 
3 13 0 14 9 2 13 0 12 10 0 8 14 8 18 2 11 12 8 7 4 1 13 16 16 15 3 13 13 0 9 8 5 1 2 14 15 7 14 7 
10 6 15 4 14 6 18 18 10 7 5 14 0 10 2 16 5 5 1 10 5 10 18 10 3 12 5 18 0 11 18 2 18 5 6 4 11 5 14 2 
4 12 8 4 2 11 12 0 16 13 10 14 16 1 16 19 13 13 10 5 17 8 7 15 13 6 11 5 3 18 19 7 10 7 3 12 18 15 4 7 
8 7 1 4 8 9 16 13 3 6 11 0 14 10 7 19 16 10 16 19 8 15 18 18 3 1 3 13 16 7 0 17 14 13 13 14 3 9 0 18 
7 3 18 1 13 17 13 10 7 9 1 8 5 0 6 0 1 1 13 18 9 6 7 15 19 0 2 14 10 14 12 17 17 2 11 10 11 4 0 19 
5 2 7 2 2 5 2 15 7 8 13 8 14 0 15 5 13 9 0 3 3 4 12 0 19 15 11 10 11 3 1 17 17 0 19 11 18 2 7 17 
10 0 17 16 13 12 1 6 14 13 1 17 18 5 10 9 1 1 11 12 16 13 9 14 5 1 5 3 3 12 0 5 5 9 13 10 2 14 8 16 
8 1 5 18 6 15 7 7 8 18 0 5 3 1 11 9 2 8 4 17 13 17 14 10 6 7 0 0 2 0 8 2 1 14 0 7 1 7 7 10 
17 19 7 1 12 10 10 15 18 6 4 11 3 19 13 10 18 13 10 12 5 19 14 6 5 14 6 6 13 5 16 11 4 15 12 16 5 14 3 4 
12 8 7 16 19 1 18 9 6 8 2 12 19 16 10 16 3 8 3 16 5 11 19 9 19 3 18 4 9 13 0 2 13 0 18 4 13 16 14 19 
16 16 3 8 4 6 4 7 6 19 16 12 3 15 13 2 19 11 18 8 17 19 2 10 19 0 15 4 8 9 15 17 17 19 5 1 17 1 9 3 
13 17 7 16 12 1 10 3 4 8 4 1 7 6 12 18 19 19 2 7 0 18 4 17 9 1 18 18 15 19 13 8 8 1 16 1 2 6 16 18 
6 12 0 6 11 4 16 10 15 19 9 15 9 6 12 10 7 2 0 14 14 13 2 2 6 10 15 0 16 4 19 15 16 19 1 7 15 17 9 10 
8 19 5 9 5 9 19 4 3 11 11 17 5 13 12 11 16 7 4 4 3 3 19 0 14 0 19 9 18 9 11 18 0 8 8 17 17 19 1 0 
11 4 10 8 18 2 11 6 1 15 10 17 18 10 17 12 10 8 13 0 17 16 19 9 4 19 6 13 18 0 6 9 4 16 17 14 10 9 0 3 
4 11 0 15 1 9 19 3 10 13 16 19 1 7 9 6 6 15 11 4 15 17 6 0 5 15 14 15 16 15 11 13 18 11 8 19 13 7 14 3 
12 10 2 6 17 11 4 15 19 15 0 14 13 18 14 18 13 1 6 2 8 17 15 6 0 15 17 13 14 3 8 19 6 3 5 15 6 9 11 5 
4 3 0 9 1 6 8 6 19 14 8 7 3 15 5 3 10 14 9 17 10 17 16 16 12 1 11 19 2 14 4 18 17 4 8 10 3 16 9 2 
2 17 2 5 5 19 0 7 6 9 4 16 7 0 4 11 13 15 10 7 2 15 6 19 11 14 10 14 2 19 9 16 8 11 1 5 2 13 13 8 
3 17 4 2 10 0 13 15 8 4 3 10 19 9 9 10 15 11 17 9 2 6 5 3 9 18 0 11 11 13 0 14 3 16 16 5 17 2 0 5 
6 3 15 17 4 16 19 11 0 16 0 14 14 5 17 3 3 18 15 7 3 7 1 18 3 10 3 12 12 4 9 10 19 4 19 16 13 18 7 13 
7 8 7 1 13 17 5 9 7 12 16 2 11 9 1 6 11 4 19 15 0 8 5 12 5 4 8 10 15 15 3 2 15 2 3 1 11 0 2 10 
12 18 13 3 19 14 2 11 18 1 6 11 1 4 3 6 8 11 8 3 18 11 5 14 6 1 7 9 1 9 0 14 7 13 9 6 7 11 9 17 
4 16 8 6 0 3 4 0 14 13 16 5 16 1 19 14 2 6 4 16 7 4 2 14 17 11 12 16 15 14 5 11 10 6 9 2 9 6 2 4 
11 10 9 7 12 0 14 6 18 18 14 5 14 16 11 11 0 15 19 15 9 4 18 11 10 8 13 0 14 8 16 5 18 17 4 2 9 18 1 19 
8 15 4 2 4 7 5 4 2 4 19 4 1 9 7 3 17 13 15 3 13 11 8 3 0 5 6 9 15 19 8 4 6 4 6 10 11 4 6 6 
0 17 2 1 7 9 5 4 14 0 8 7 4 8 11 4 13 9 6 9 0 6 5 6 11 3 9 14 7 15 12 8 13 14 1 12 16 18 16 10 
11 16 18 7 17 9 3 2 18 9 11 10 16 8 16 19 12 17 13 11 5 6 19 10 12 13 2 8 3 10 11 14 19 9 1 16 10 5 18 0 
6 2 10 14 10 18 13 14 16 19 6 13 5 17 15 17 10 9 18 14 19 9 0 10 10 14 6 0 11 17 0 17 19 2 12 1 0 17 16 8 
16 14 1 1 11 8 11 14 17 1 0 9 2 0 19 12 6 6 12 17 15 4 15 6 6 19 7 6 16 15 15 5 9 8 18 13 17 9 7 14 
2 19 3 4 19 3 16 6 1 0 15 8 4 10 14 2 1 13 9 10 9 16 15 10 4 13 3 13 15 2 0 17 1 15 2 13 10 10 11 3 
11 6 11 7 9 5 10 10 11 19 12 0 7 7 2 3 1 18 17 8 12 17 5 14 12 19 19 15 2 10 18 5 8 10 12 9 7 2 0 18 
13 4 10 0 12 13 16 5 3 13 13 15 2 10 1 6 2 0 1 16 2 0 1 3 2 13 12 9 8 4 8 13 9 18 14 13 3 2 18 6 
15 3 14 9 5 15 7 7 8 9 3 2 1 16 5 3 10 18 4 10 14 12 3 3 3 9 16 18 11 6 17 18 9 11 7 15 18 15 14 18 
16 10 1 17 6 18 12 8 16 16 10 3 1 14 6 16 3 15 14 7 13 3 5 3 14 5 10 5 0 16 3 8 6 4 17 5 3 9 5 11 
17 16 6 10 10 5 6 5 0 13 12 13 16 10 8 3 15 10 8 7 7 3 7 5 0 4 10 3 5 16 6 2 12 13 5 14 18 11 19 10 
16 4 15 5 6 16 8 13 6 8 0 13 3 19 19 3 3 1 18 8 17 17 2 1 10 7 15 0 11 7 2 19 3 17 4 9 13 4 2 12 
4 14 5 8 13 16 11 8 18 2 8 7 19 10 9 9 10 16 1 13 15 3 4 18 12 9 19 18 5 13 10 10 7 7 10 12 4 1 0 14 
3 0 1 2 3 2 3 13 11 16 18 6 19 2 17 4 3 8 2 9 2 4 11 9 11 1 14 7 2 6 1 18 7 3 12 10 17 8 15 8 
4 13 7 16 7 16 0 11 4 14 12 6 10 3 16 1 4 2 1 18 8 2 16 15 17 1 17 15 9 12 15 13 17 14 9 17 10 1 8 15 
7 0 1 17 15 9 11 19 11 12 17 12 6 6 19 4 7 17 11 16 1 18 1 19 13 3 16 15 4 16 10 12 8 4 1 3 5 12 2 17 
16 11 1 3 17 0 19 16 17 10 4 19 0 6 10 13 9 18 9 5 14 11 17 2 15 11 17 1 3 11 10 0 2 3 15 12 3 14 0 13 
16 5 4 16 11 14 2 12 4 3 17 18 14 7 12 2 18 9 15 13 12 17 5 6 0 0 10 3 6 11 8 2 16 12 11 19 18 13 11 2 
8 0 12 2 19 4 16 17 5 11 3 9 8 0 16 8 13 6 4 19 17 12 14 5 17 5 4 15 18 7 10 6 0 2 0 19 19 9 9 16 
12 12 6 1 12 14 1 5 12 17 17 10 2 11 7 19 16 4 6 6 11 16 4 11 11 16 11 2 5 0 18 18 4 16 11 8 2 4 14 15 
2 11 17 4 14 4 15 10 8 1 8 12 10 12 15 1 0 6 15 6 18 13 16 14 2 7 3 16 11 17 11 5 0 0 1 14 5 8 16 5 
10 16 9 12 8 5 13 8 11 8 6 2 13 2 16 7 1 19 4 5 8 7 2 0 8 4 6 5 12 2 2 14 10 12 6 18 17 11 19 0 