10
3
5 4 4 1 19 17 15 7 13 6 
3 19 1 7 5 2 1 14 8 11 
15 10 15 11 9 8 3 17 7 5 
6 12 9 10 5 8 7 12 16 12 
19 11 12 0 18 9 15 19 3 3 
2 10 5 18 13 15 6 16 12 13 
1 10 17 2 12 15 11 12 19 19 
4 10 2 8 3 0 17 10 11 12 
13 14 14 11 4 7 6 10 3 10 
15 16 12 4 19 4 11 2 16 11 
13 1 13 15 9 16 15 19 6 18 
3 12 12 18 3 16 5 1 18 1 
3 5 17 15 10 16 19 13 10 16 
4 3 9 10 18 10 6 5 1 5 
4 5 17 8 3 12 5 0 5 15 
1 8 1 19 15 3 7 14 16 18 
2 13 13 3 3 12 14 9 17 7 
6 13 12 3 2 7 7 19 8 12 
14 9 12 15 0 7 10 0 14 7 
18 8 0 3 12 3 15 18 4 5 
5 11 18 10 6 12 17 14 11 5 
18 6 7 3 13 19 2 4 19 8 
11 9 9 3 13 1 18 0 11 2 
17 16 13 16 6 12 0 16 18 12 
13 8 18 0 11 3 0 6 7 11 
14 10 1 3 13 14 16 3 14 7 
6 12 16 11 0 14 3 0 10 1 
4 16 10 2 8 13 6 0 19 5 
12 6 8 13 1 1 7 10 17 13 
9 3 17 5 14 9 12 10 2 14 