318 1166 6 190 35
134 217 958 0 0 0 573 1000
134 262 1000 0 0 0 298.125 1000
134 108 1413.49 0 0 0 406.236 1414.21
262 168 740 0 0 0 640.125 1000
262 13 1413.49 0 0 0 396.156 1414.21
262 108 1000 0 0 0 406.875 1000
168 13 1000 0 0 0 186 1000
168 83 957 0 0 0 423 1000
168 243 1371.06 203.647 0 0 534.041 1414.21
83 243 833 305 0 0 264.938 1000
83 311 955 0 0 0 443.75 1000
83 150 1413.49 0 0 0 360.27 1414.21
311 218 931 0 0 0 384.5 1000
311 53 1413.49 0 0 0 367.519 1414.21
311 150 1000 0 0 0 31.625 1000
218 53 957 0 0 0 328 1000
218 118 1000 0 0 0 386.625 1000
218 285 1372.48 0 0 0 380.776 1414.21
118 198 1303.18 0 0.707107 0 379.539 1414.21
118 23 653 0 0 0 601 1000
118 285 928 373 0 0 288.562 1000
23 198 950 0 0 0 488.688 1000
23 257 1000 680 0 0 318.125 1000
23 105 1307.42 377.595 0 0 645.236 1414.21
257 98 953 373 0 0 309.375 1000
257 265 1283.38 0 0 0 609.173 1414.21
257 105 958 0 0 0 286.25 1000
98 96 839.5 0 0 0 506 1000
98 263 1199.95 0 0 0 681.3 1414.21
98 265 956 364 0 0 465.812 1000
96 263 963.5 0 0 0 417.5 1000
96 95 647.5 0 0 0 339.938 1000
96 261 1371.77 0 0 0 446.007 1414.21
95 102 959 0 0 0 308.062 1000
95 275 1294.7 0 0 0 410.209 1414.21
95 261 957 306 0 0 331.688 1000
102 275 952 0 0 0 267.75 1000
102 34 787.5 0 0 0 583.5 1000
102 200 1359.75 164.049 0 19.0919 373.53 1414.21
34 200 919.5 180.5 0 0 418.812 1000
34 131 1344.9 0 0 0 880.349 1414.21
193 279 910 0 0 1.5 215.062 1000
193 220 943 0 0 0.75 144.312 1000
193 58 1164.59 224.86 0 260.922 445.212 1414.21
220 219 794 0 0 0 252.375 1000
220 55 1330.05 0 0 97.5808 439.113 1414.21
220 58 918 169.5 0 0 140.375 1000
219 217 1000 0 0 0 177.125 1000
219 52 1413.49 0 0 94.3988 353.024 1414.21
219 55 1000 0 0 0 22.25 1000
219 134 1270.66 0 0 0 512.476 1414.21
217 52 1000 0 0 0 422.125 1000
217 316 1318.74 0 0 127.279 324.561 1414.21
217 108 934 0 0 0 325.75 1000
217 262 1284.8 0 0 25.4558 483.662 1414.21
108 13 1000 0 0 0 144.5 1000
108 168 1413.49 0 0 0 305.293 1414.21
108 316 1000 0 0 0 343.875 1000
108 227 1413.49 367.696 0 11.6673 227.157 1414.21
13 139 1369.65 0 0 0 264.988 1414.21
13 243 957 0 0 0 262.062 1000
13 83 1368.23 0 0 0 244.658 1414.21
13 227 1000 0 0 0 263.688 1000
243 139 699 0 0 0 229.938 1000
243 40 1413.49 97.5808 0 0 323.944 1414.21
243 150 1000 0 0 0 292.938 1000
243 311 1413.49 0 0 0 152.999 1414.21
150 268 1369.65 0 0 0 310.95 1414.21
150 53 1000 322 0 0 260.75 1000
150 218 1372.48 0 0 0 449.012 1414.21
150 40 1000 144.5 0 0 289.875 1000
53 268 835 0 0 0 255.125 1000
53 171 1372.48 0 0 0 320.32 1414.21
53 285 907 0 0 0 323.312 1000
53 118 934.08 0 3.18198 0 528.031 1414.21
285 198 942 0 0 0 291.375 1000
285 23 1413.49 0 0 0 525.822 1414.21
285 171 934 0 0 0 205.188 1000
285 85 1371.06 0 0 0 198.254 1414.21
198 312 1266.41 456.791 0.707107 16.9706 335.434 1414.21
198 105 834 0 0 0 557.562 1000
198 257 1366.82 465.277 1.06066 0 413.215 1414.21
198 85 903 0 0 0 261.812 1000
105 147 1351.26 0 0 49.851 276.477 1414.21
105 312 958 230 0 0 504.688 1000
105 265 958 0 0 0 237.438 1000
105 98 1369.65 0 0 28.6378 592.024 1414.21
265 263 937 0 0 0 556.062 1000
265 147 958 0 0 0 238.812 1000
265 96 1245.2 0 0 0 795.228 1414.21
265 146 1361.16 0 0 0 552.515 1414.21
263 145 1328.64 370.524 0 0 890.949 1414.21
263 261 1000 0 0 0 317.625 1000
263 146 876 174 0 0 699.5 1000
263 95 1365.41 0 0 0 598.391 1414.21
261 158 1328.64 0 0 0 224.682 1414.21
261 275 879 0 0 0 247.125 1000
261 102 1293.28 229.103 0 22.2739 526.089 1414.21
261 145 837.5 0 0 0 561.375 1000
275 158 1000 0 0 0 346.875 1000
275 86 1413.49 0 0 0 356.913 1414.21
275 200 1000 167.5 0 0 243.062 1000
275 34 1341.37 0 0 0 426.031 1414.21
200 86 1000 219.5 0 0 203.25 1000
200 131 952 166.5 0 0 328.438 1000
200 138 1371.06 195.869 0 0 344.448 1414.21
131 84 1000 0 0 0 432.75 1000
131 248 1361.16 0 0 0 532.096 1414.21
131 138 879 0 0 0 422.938 1000
84 43 1361.16 0 0 0 708.698 1414.21
84 248 927 0 0 0 377.75 1000
1 89 957 0 0 0 170.25 1000
1 255 1199.95 0 0 0 520.255 1414.21
1 81 941 0 0 0 86.875 1000
89 255 904 339 0 0 370 1000
89 193 1372.48 0 28.9914 0 307.415 1414.21
89 279 905 0 0 0 351.5 1000
89 123 1297.53 0 0 0 358.503 1414.21
279 271 1359.75 0 0 59.397 316.429 1414.21
279 123 958 0 0 0 426.625 1000
279 58 1000 225.5 0 0.75 128.875 1000
279 220 1366.82 0 0 267.286 235.996 1414.21
58 269 1001.96 464.57 0 6.36396 274.71 1414.21
58 55 869 148.5 0 0 361.5 1000
58 271 957 156.5 0 0 177.875 1000
58 219 1322.98 152.028 0 39.2444 426.386 1414.21
55 52 1000 0 0 0 285.375 1000
55 269 958 40.5 0 0 11.125 1000
55 217 1413.49 0 0 80.6102 353.554 1414.21
55 0 1413.49 0 0 125.158 258.8 1414.21
52 229 1372.48 274.358 0 32.8805 212.308 1414.21
52 316 957 0 0 0 312.375 1000
52 0 1000 0 0 0 433.312 1000
52 108 1327.22 0 0 116.673 452.02 1414.21
316 229 745 0 0 0 632.75 1000
316 13 1413.49 0 0 0 433.281 1414.21
316 126 1354.09 0 0 0 663.442 1414.21
316 227 1000 0 0 0 233.812 1000
227 139 685 0 0 0 41.5625 1000
227 243 1371.06 0 0 0 390.765 1414.21
227 126 851 0 0 0 399.938 1000
227 41 1246.61 0 0 0 276.036 1414.21
139 270 1221.16 0 0 0 289.206 1414.21
139 40 953 83.5 0 0 42.25 1000
139 41 953 0 0 0 154.125 1000
139 150 1371.06 0 0 0 188.797 1414.21
40 268 958 274.5 0 0 118.375 1000
40 270 915 137.5 0 0 375.25 1000
40 53 1413.49 212.839 0 0 348.427 1414.21
40 172 1371.06 243.952 0 0 340.825 1414.21
268 73 1413.49 0 0 0 166.17 1414.21
268 171 1000 0 0 0 146.5 1000
268 172 941 0 0 0 162 1000
268 285 1371.06 328.098 0 0 113.844 1414.21
171 198 1306.01 0 1.76777 0 412.951 1414.21
171 73 1000 0 0 0 233.438 1000
171 313 1337.12 296.985 0 0 339.941 1414.21
171 85 956 0 0 0 179.25 1000
85 312 952 0 0 0 241.188 1000
85 313 871 0 0 0 297.812 1000
85 105 1369.65 330.926 0 38.1838 482.07 1414.21
85 222 1413.49 0 0 11.6673 327.391 1414.21
312 147 949 0 0 0 369.438 1000
312 265 1311.67 0 0 49.851 330.838 1414.21
312 50 1307.42 0 0 81.6709 488.346 1414.21
312 222 1000 0 0 0 403.188 1000
147 263 1294.7 0 0 8.48528 648.415 1414.21
147 49 1371.06 0 0 19.0919 420.552 1414.21
147 50 1000 0 0 0 228.562 1000
147 146 1000 0 0 0 417.375 1000
146 48 1297.53 0 0 4.24264 532.981 1414.21
146 49 955 0 0 0 250 1000
146 145 928.5 0 0 0 460.375 1000
146 261 1308.84 0 0 8.48528 535.458 1414.21
145 48 643.5 0 0 0 476.062 1000
145 158 974.5 341 0 0 295.25 1000
145 275 1390.15 312.541 0 0 420.553 1414.21
145 63 1302.47 0 0 0 661.145 1414.21
158 314 1322.98 0 0 0 370.17 1414.21
158 86 1000 0 0 0 225.062 1000
158 200 1413.49 190.919 0 0 411.005 1414.21
158 63 958 0 0 0 208.062 1000
86 314 778 0 0 0 471.188 1000
86 16 1313.08 0 0.353553 0 371.496 1414.21
86 131 1280.56 0 0 0 426.65 1414.21
86 138 958 0 0 0 278 1000
138 140 1233.89 0 0 0 520.52 1414.21
138 16 959 0 0 0 345.562 1000
138 248 917 0 0 0 388.188 1000
138 84 1369.65 0 0 0 463.95 1414.21
248 140 956 0 0 0 335.375 1000
248 43 1000 0 0 0 468.875 1000
248 45 1413.49 0 0 0 649.121 1414.21
43 186 1348.44 0 0 0 829.788 1414.21
43 45 1000 0 0 0 482.938 1000
121 204 901 0 0 0 372.5 1000
121 297 1000 199.5 0 0 143.75 1000
121 142 1366.82 0 0 0 309.359 1414.21
297 1 1325.81 116.673 3.88909 0 336.759 1414.21
297 81 1000 55.5 0 0 79 1000
297 240 1358.34 40.3051 0 0 194.63 1414.21
297 142 949 46.5 0 0 64.25 1000
81 255 890 0 0 0 353.25 1000
81 89 1318.74 0 0 0 456.615 1414.21
81 240 943 0 0 0 318.875 1000
81 143 1327.22 0 0 88.0348 322.794 1414.21
255 56 1356.92 0 0 0 272.412 1414.21
255 123 767 0 0 0 309.25 1000
255 279 1366.82 0 3.53553 0 162.104 1414.21
255 143 1000 0 0 0 224.5 1000
123 175 1413.49 0 3.18198 130.461 271.175 1414.21
123 56 1000 0 0 0 243.5 1000
123 271 1000 0 0 0 154.25 1000
123 58 1347.02 172.534 12.0208 105.005 350.725 1414.21
271 175 1000 0 0 0 39.75 1000
271 269 917 13.5 0 0 201.5 1000
271 55 1276.31 0 0 41.3657 378.125 1414.21
271 174 1347.02 69.2965 0.353553 75.3069 69.1196 1414.21
269 52 1365.41 369.817 0 180.312 219.026 1414.21
269 230 1371.06 310.42 0 1.06066 449.898 1414.21
269 0 953 445.5 0 0 276.938 1000
269 174 1000 369.5 0 0 171.062 1000
0 229 929 0 0 0 189.188 1000
0 230 958 0 0 0 77.8125 1000
0 316 1355.51 263.044 0 0 499.483 1414.21
0 128 1371.06 0 0 0 280.102 1414.21
229 29 1413.49 0 0 0 41.5426 1414.21
229 126 957 0 0 0 241.25 1000
229 128 1000 0 0 0 261.5 1000
229 227 1277.73 0 0 0 610.584 1414.21
126 29 958 0 0 0 113.5 1000
126 139 1315.91 0 0 0 298.576 1414.21
126 272 1371.06 0 0 0 133.996 1414.21
126 41 957 0 0 0 189.125 1000
41 270 765 0 0 0 328.625 1000
41 272 1000 0 0 0 9.25 1000
41 40 1310.25 96.1666 0 0 105.535 1414.21
41 173 1327.22 0 0 0 259.33 1414.21
270 268 1249.44 0 0 0 400.4 1414.21
270 74 1413.49 0 0 0 295.569 1414.21
270 172 948 0 0 0 210 1000
270 173 1000 0 0 0 145.312 1000
172 73 1000 0 0 0 132.188 1000
172 74 957 0 0 0 218.312 1000
172 171 1413.49 0 0 0 269.407 1414.21
172 302 1413.49 0 0 0 236.88 1414.21
73 223 1413.49 0 0 0 198.785 1414.21
73 313 1000 343 0 0 322.875 1000
73 302 1000 0 0 0 170.188 1000
73 85 1369.65 0 0 1.06066 237.322 1414.21
313 223 1000 224 0 0 111.312 1000
313 312 1317.32 0 0 0 527.591 1414.21
313 122 1366.82 0 0 0 183.228 1414.21
313 222 956 0 0 0 131.688 1000
222 147 1294.7 0 0 61.5183 322.087 1414.21
222 282 1229.64 254.559 0 0 414.188 1414.21
222 122 914 0 0 0 335.875 1000
222 50 913 0 0 0 233.938 1000
50 281 1365.41 0 0 2.12132 441.322 1414.21
50 282 867.5 123.5 0 0 444.938 1000
50 49 959 0 0 0 227.938 1000
50 146 1413.49 0 0 35.0018 404.906 1414.21
49 281 1000 0 0 0 293.125 1000
49 48 957 0 0 0 357.062 1000
49 145 1307.42 0 0 0 323.146 1414.21
49 280 1413.49 0 0 0 435.401 1414.21
48 158 1215.5 0 2.82843 0 586.987 1414.21
48 292 1413.49 350.725 1.06066 0 589.991 1414.21
48 280 911 0 0 0 339.312 1000
48 63 1000 0 0 0 286.25 1000
63 314 957 0 0 0 343.688 1000
63 86 1369.65 0 0 0 501.605 1414.21
63 292 1000 0 0 0 234.062 1000
63 224 1371.06 0 0 0 481.628 1414.21
314 239 1337.12 0 0 0 452.371 1414.21
314 16 913 0 0 0 302.5 1000
314 224 1000 0 0 0 327.75 1000
314 138 1371.06 0 0 0 514.243 1414.21
16 42 1413.49 0 0 0 603.869 1414.21
16 239 932 0 0 0 505 1000
16 140 1000 0 0 0 430 1000
16 248 942.565 0 0 0 691.021 1414.21
140 42 1000 0 0 0 446.125 1000
140 251 1413.49 0 0 0 587.253 1414.21
140 43 1366.82 0 0 0 545.709 1414.21
140 45 953 0 0 0 580.438 1000
45 186 875 0 0 0 672.188 1000
45 190 1351.26 0 0 0 704.016 1414.21
45 251 951 0 0 0 547.125 1000
186 190 934 0 0 0 623.25 1000
186 197 1368.23 0 0 0 520.961 1414.21
133 121 1321.57 0 0 0 405.351 1414.21
133 182 890 453 0 0 604 1000
133 204 956 0 0 0 416.75 1000
133 47 1149.04 0 0 0 562.681 1414.21
204 47 1000 0 0 0 171.25 1000
204 25 1402.18 22.6274 0 0 290.62 1414.21
204 142 946 0 0 0 233.25 1000
204 297 1330.05 87.6813 0 0 278.246 1414.21
142 181 1371.06 0 0 0 168.645 1414.21
142 25 800.5 19.5 0 0 164.188 1000
142 240 1000 0 0 0 162.875 1000
142 81 1349.85 0 0 0 165.286 1414.21
240 181 956 0 0 0 25.9375 1000
240 255 1205.6 0 0 1.06066 448.307 1414.21
240 46 1371.06 0 0 0 474.647 1414.21
240 143 950 0 0 0 247.25 1000
143 56 899 0 0 0 68.625 1000
143 46 1000 0 0 0 116.625 1000
143 123 1371.06 0 0.707107 0 245.365 1414.21
143 287 1368.23 0 0 22.2739 146.724 1414.21
56 175 1000 0 0 0 36.375 1000
56 271 1413.49 0 0 48.7904 246.248 1414.21
56 78 1413.49 0 0 0 90.5092 1414.21
56 287 935 0 0 0 169.625 1000
175 269 1347.02 22.6274 0 146.371 185.968 1414.21
175 75 1335.71 0 0 11.6673 359.917 1414.21
175 78 1000 0 0 0 50.1875 1000
175 174 939 0 0 0 189.188 1000
174 230 946 0 0 0 110.188 1000
174 75 883.5 0 0 0 186.375 1000
174 0 1368.23 0 0 83.7922 304.674 1414.21
174 132 1361.16 0 0 0 275.152 1414.21
230 229 1413.49 0 0 0 171.649 1414.21
230 32 1413.49 0 0 4.24264 346.836 1414.21
230 128 1000 0 0 0 177.75 1000
230 132 946 0 0 0 122.75 1000
128 29 1000 0 0 0 21.75 1000
128 32 1000 0 0 0 64.3125 1000
128 126 1366.82 0 0 0 257.563 1414.21
128 256 1366.82 0 0 0 151.851 1414.21
29 176 1344.19 282.843 0 0 324.738 1414.21
29 272 939 0 0 0 19 1000
29 256 938 0 0 0 246.375 1000
29 41 1365.41 0 0 0 109.248 1414.21
272 176 1000 0 0 0 182.438 1000
272 270 1321.57 0 0 0 235.819 1414.21
272 76 1413.49 0 0 0 93.3378 1414.21
272 173 933 0 0 0 102.188 1000
173 74 1000 0 0 0 159.25 1000
173 76 818 0 0 0 242.812 1000
173 172 1369.65 0 0 0 168.202 1414.21
173 303 1365.41 354.968 0 0 359.123 1414.21
74 73 1243.79 0 0 0 218.054 1414.21
74 207 1372.48 0 0 0 121.003 1414.21
74 302 884 247 0 0 87.9375 1000
74 303 948 0 0 0 174.688 1000
302 223 1000 0 0 0 133.25 1000
302 207 944 160 0 0 48.125 1000
302 313 1413.49 0 0 0 254.734 1414.21
302 124 1255.1 0 0 0 288.853 1414.21
223 26 1307.42 0 0 0 266.226 1414.21
223 122 926 0 0 0 50.375 1000
223 124 939 0 0 0 0 1000
223 222 1344.19 0 0 28.6378 85.3832 1414.21
122 26 958 0 0 0 126.625 1000
122 282 983.5 280.5 0 0 163.125 1000
122 50 1289.04 0 0 49.851 661.321 1414.21
122 185 1358.34 0 0 0 320.142 1414.21
282 281 973.5 55.5 0 0 232.625 1000
282 49 1384.5 61.5183 0 77.4282 385.903 1414.21
282 184 1359.04 91.2168 0 0 576.114 1414.21
282 185 901.5 186.5 0 0 105.625 1000
281 48 1369.65 0 0 0 421.79 1414.21
281 183 1361.16 0 0 0 582.304 1414.21
281 184 1000 0 0 0 508.562 1000
281 280 1000 0 0 0 282.125 1000
280 194 1301.77 0 0 0 663.62 1414.21
280 183 959 0 0 0 489.125 1000
280 292 950 0 0 0 320.75 1000
280 63 1371.06 0 0 0 476.237 1414.21
292 314 1313.08 0 0 0 651.424 1414.21
292 194 887 0 0 0 501.688 1000
292 125 1327.22 478.005 0 0 715.242 1414.21
292 224 948 0 0 0 452.75 1000
224 239 959 0 0 0 448.875 1000
224 125 919 0 0 0 411.75 1000
224 16 1294.7 0 0 0 487.903 1414.21
224 148 1371.06 0 0 0 710.469 1414.21
239 42 958 0 0 0 544 1000
239 140 1369.65 0 0 0 761.554 1414.21
239 274 1371.06 0 0 0 767.565 1414.21
239 148 1000 0 0 0 430.25 1000
42 159 1413.49 0 0 0 581.773 1414.21
42 251 1000 0 0 0 391.438 1000
42 45 1366.82 0 0.353553 0 569.043 1414.21
42 274 1000 0 0 0 168.5 1000
251 77 1413.49 0 0 0 463.774 1414.21
251 159 1000 0 0 0 306.125 1000
251 186 1413.49 0 0 0 802.653 1414.21
251 190 1000 0 0 0 412.062 1000
190 77 1000 0 0 0 341.875 1000
190 197 912 0 0 0 385.375 1000
190 206 1133.48 0 0 0 432.219 1414.21
197 206 959 0 0 0 214.25 1000
154 133 1184.39 0 0 0 539.788 1414.21
154 182 899 0 0 0 120.812 1000
154 68 1000 0 0 0 183.688 1000
154 39 1045.8 414.365 0 45.6084 453.699 1414.21
182 47 952 0 0 0 246 1000
182 221 1313.08 0 0 0 358.503 1414.21
182 204 1368.23 0 0 0 258.8 1414.21
182 39 956 0 0 0 271.562 1000
47 250 1371.06 0 0 0 164.048 1414.21
47 221 775 0 0 0 428 1000
47 25 992.5 54.5 0 0 314.188 1000
47 142 1372.48 0 0 0 254.558 1414.21
25 181 819.5 447.5 0 0 127.5 1000
25 250 908.5 349.5 0 0 308.688 1000
25 240 1203.48 28.9914 0 0 338.262 1414.21
25 88 1376.01 258.094 0 0 171.737 1414.21
181 278 1371.06 0 0 0 353.642 1414.21
181 46 1000 0 0 0 239.938 1000
181 88 907 0 0 0 154.938 1000
181 143 1413.49 0 0.707107 0 286.996 1414.21
46 56 1231.06 0 0 0 474.292 1414.21
46 278 942 0 0 0 155.875 1000
46 191 1365.41 0 0 0 176.069 1414.21
46 287 955 0 0 0 152.5 1000
287 175 1369.65 0 0.353553 0 363.276 1414.21
287 307 1171.66 352.139 0 0 420.199 1414.21
287 191 1000 64 0 0 157.625 1000
287 78 955 180 0 0 154.938 1000
78 306 1372.48 0 0 1.06066 252.878 1414.21
78 307 895 315 0 0 346.625 1000
78 75 932.5 0 0 0 208.5 1000
78 174 1272.07 312.541 0 0 350.814 1414.21
75 306 902.5 0 0 0 149.312 1000
75 230 1319.45 0 0 0 378.744 1414.21
75 33 1385.91 0 0 0 243.155 1414.21
75 132 982.5 0 0 0 59.3125 1000
132 258 1413.49 322.441 0 0 225.742 1414.21
132 32 938 205 0 0 186.188 1000
132 33 1000 501 0 0 122.938 1000
132 128 1366.82 0 0 151.674 40.4819 1414.21
32 258 922 0 0 0 125.062 1000
32 29 1413.49 0 0 0 269.848 1414.21
32 164 1369.65 0 0 0 151.232 1414.21
32 256 959 0 0 0 113.188 1000
256 176 902 0 0 0 262.812 1000
256 164 1000 0 0 0 0 1000
256 272 1116.51 357.796 0 0 266.578 1414.21
256 79 1413.49 0 0 0 222.738 1414.21
176 304 1228.23 0 0 0 298.309 1414.21
176 76 1000 0 0 0 13.3125 1000
176 79 957 0 0 0 288.25 1000
176 173 1369.65 0 0 0 112.164 1414.21
76 304 825 0 0 0 98.75 1000
76 74 805.389 0 0 0 268.347 1414.21
76 208 1366.82 0 0 0 164.755 1414.21
76 303 957 0 0 0 128.5 1000
303 111 1354.09 0 0 0 271.352 1414.21
303 207 1000 0 0 0 119.75 1000
303 208 1000 0 0 0 115.125 1000
303 302 1354.09 318.198 0 0 75.1301 1414.21
207 111 959 0 0 0 140.5 1000
207 223 1371.06 0 0 0 221.147 1414.21
207 27 1371.06 0 0 0 154.679 1414.21
207 124 1000 0 0 0 68 1000
124 26 959 0 0 0 227.75 1000
124 27 1000 0 0 0 18.5 1000
124 122 1331.47 0 0 13.7886 294.156 1414.21
124 252 1369.65 0 0 0 179.958 1414.21
26 282 1289.04 261.63 0 67.8823 294.333 1414.21
26 93 1413.49 0 0 0 108.717 1414.21
26 252 1000 0 0 0 391.75 1000
26 185 1000 0 0 0 112.875 1000
185 281 1363.99 0 2.12132 43.4871 423.734 1414.21
185 92 1332.88 0 0 1.06066 284.257 1414.21
185 93 1000 0 0 0 57.0625 1000
185 184 895 0 0 0 394.938 1000
184 91 1362.58 0 0 0 664.064 1414.21
184 92 957 0 0 0 306.625 1000
184 183 910 0 0 0 488.062 1000
184 280 1413.49 0 0 0 685.276 1414.21
183 91 1000 0 0 0 388.625 1000
183 194 955 0 0 0 354.688 1000
183 292 1294.7 0 0 0 580.181 1414.21
183 101 1365.41 0 0 0 917.116 1414.21
194 28 1413.49 0 0 0 928.697 1414.21
194 125 878 72 0 0 581.188 1000
194 224 1371.06 0 0 0 508.499 1414.21
194 101 1000 0 0 0 482.938 1000
125 28 947 0 0 0 560.875 1000
125 239 1413.49 0 0 0 556.67 1414.21
125 51 1371.06 0 0 0 706.223 1414.21
125 148 1000 0 0 0 413.625 1000
148 42 1306.01 0 0 0 637.457 1414.21
148 177 1371.06 0 0 0 924.895 1414.21
148 51 952 0 0 0 494.875 1000
148 274 934 0 0 0 467.375 1000
274 159 1000 0 0 0 513.812 1000
274 251 1413.49 0 0 0 446.185 1414.21
274 177 1000 0 0 0 504.75 1000
274 65 1413.49 0 0.353553 0 808.223 1414.21
159 77 1000 0 0 0 106.688 1000
159 190 1413.49 0 0 0 430.185 1414.21
159 305 1365.41 0 0 0 315.634 1414.21
159 65 1000 0 0 0 367.062 1000
77 90 1351.26 0 0 0 644.529 1414.21
77 197 1283.38 0 0 0 600.159 1414.21
77 206 956 249 0 0 382.75 1000
77 305 709 0 0 0 492.75 1000
206 90 1000 0 0 0 373.312 1000
68 277 1208.43 585.483 0 110.309 246.249 1414.21
68 182 1190.05 0 0 100.763 195.691 1414.21
68 39 957 848 0 0 95.4375 1000
68 35 713 302.5 0 0 326.125 1000
39 277 875 517 0 0 168.938 1000
39 221 909 0 0 0 419.812 1000
39 47 1320.15 0 0 0 536.959 1414.21
39 284 1260.76 0 0 0 591.407 1414.21
221 250 955 0 0 0 329.875 1000
221 25 956.707 237.588 0 0 379.188 1414.21
221 284 1000 0 0 0 530.875 1000
221 160 1413.49 0 0 0 557.023 1414.21
250 181 1369.65 171.12 0 0 198.873 1414.21
250 317 1358.34 0 0 0 92.6308 1414.21
250 88 1000 224 0 0 220.375 1000
250 160 957 0 0 0 435.625 1000
88 278 884 0 0 0 32 1000
88 317 908 0 0 0 278.625 1000
88 46 1371.06 0 0 0 294.509 1414.21
88 180 1313.08 0 0 0 305.999 1414.21
278 100 1413.49 0 0 0 131.698 1414.21
278 191 1000 0 0 0 227.875 1000
278 287 1413.49 0 0 0 408.885 1414.21
278 180 1000 139 0 0 328.5 1000
191 214 1356.92 212.132 0 84.8529 336.406 1414.21
191 100 1000 0 0 0 235 1000
191 307 952 0 0 0 373.438 1000
191 78 1371.06 0 0 0 333.931 1414.21
307 214 994.5 0 0 0 20.3125 1000
307 306 1000 0 0 0 105.062 1000
307 75 1380.96 0 0 96.5201 140.272 1414.21
307 209 1413.49 0 0 0 121.18 1414.21
306 260 1356.92 0 0 0 255.442 1414.21
306 33 880 0 0 0 144.062 1000
306 209 1000 0 0 0 62 1000
306 132 1371.06 0 0 0 127.632 1414.21
33 258 1000 0 0 0 119.312 1000
33 260 941 0 0 0 100.562 1000
33 32 1371.06 207.89 0 28.6378 245.454 1414.21
33 165 1313.08 0 0.353553 0 45.6968 1414.21
258 80 1349.85 0 0 0 133.643 1414.21
258 164 850 0 0 0 128.625 1000
258 165 749 0 0 0 264.25 1000
258 256 1317.32 0 0 0 173.594 1414.21
164 80 941 0 0 0 144.125 1000
164 176 1321.57 0 0 55.1543 291.858 1414.21
164 308 1365.41 0 0 2.12132 220.616 1414.21
164 79 1000 0 0 0 242.188 1000
79 304 1000 0 0 0 132.562 1000
79 308 950 0 0 0 44.4375 1000
79 76 1334.29 0 0 0 155.298 1414.21
79 210 1368.23 0 0 0 250.757 1414.21
304 112 1368.23 0 0 1.06066 6.36396 1414.21
304 208 953 0 0 0 113.875 1000
304 210 957 0 0 0 124.125 1000
304 303 1352.68 0 0 0 122.86 1414.21
208 111 827 0 0 0 295.75 1000
208 112 956 0 0 0 93 1000
208 207 1413.49 0 0 0 308.122 1414.21
208 17 1256.51 0 0 0 232.107 1414.21
111 253 1296.11 288.5 0 0 253.32 1414.21
111 27 958 0 0 0 235.625 1000
111 17 956 291 0 0 124.688 1000
111 124 1136.31 0 0 0 229.809 1414.21
27 253 959 196.5 0 0 197.125 1000
27 26 1347.02 0 0 0 85.9131 1414.21
27 161 1372.48 0 0 0 213.546 1414.21
27 252 958 0 0 0 115.5 1000
252 4 1413.49 363.453 0 0 325.269 1414.21
252 161 1000 0 0 0 227.75 1000
252 93 1000 0 0 0 166.062 1000
252 185 1413.49 0 0 79.5496 300.344 1414.21
93 3 1413.49 0 0 0 299.724 1414.21
93 4 1000 0 0 0 195.812 1000
93 92 959 0 0 0 321.5 1000
93 184 1283.38 0 0 65.761 288.941 1414.21
92 3 910 0 0 0 351.062 1000
92 91 1000 0 0 0 492.312 1000
92 183 1413.49 0 0 6.36396 649.567 1414.21
92 2 1359.75 0 0.353553 1.06066 667.954 1414.21
91 194 1331.47 0 0 20.1525 743.347 1414.21
91 8 1362.58 0 0 0 848.708 1414.21
91 2 920 0 0 0 515.125 1000
91 101 957 0 0 0 593 1000
101 28 1000 0 0 0 648.25 1000
101 125 1372.48 0 0 0 852.416 1414.21
101 8 1000 0 0 0 586.25 1000
101 254 1413.49 0 0 0 712.237 1414.21
28 283 1325.81 339.412 0 0 917.647 1414.21
28 51 768 0 0 0 458 1000
28 254 1000 173 0 0 513.062 1000
28 148 1372.48 0 0 0 802.214 1414.21
51 82 1413.49 0 0 0 911.64 1414.21
51 283 912 0 0 0 619.875 1000
51 177 1000 0 0 0 534.375 1000
51 274 1413.49 0 0 0 749.358 1414.21
177 159 1413.49 354.968 0 0 602.631 1414.21
177 82 1000 0 0 0 472.125 1000
177 294 1358.34 0 0 0 896.078 1414.21
177 65 1000 0 0 0 580.75 1000
65 77 1413.49 0 0.353553 0 506.289 1414.21
65 211 1352.68 0 0 0 457.852 1414.21
65 294 959 0 0 0 449.875 1000
65 305 951 0 0 0 533.625 1000
305 211 788.5 0 0 0 613.75 1000
305 90 1000 0 0 0 483.688 1000
305 206 1413.49 0 0 0 582.834 1414.21
35 277 957 32.5 0 0 215.875 1000
35 39 1325.81 680.941 0 0 206.475 1414.21
35 212 908.5 49.5 0 0 316 1000
35 179 1327.22 27.5772 0 0 441.766 1414.21
277 188 1068.43 0 0 0 456.616 1414.21
277 221 1354.09 0 0 9.54594 495.861 1414.21
277 284 654 0 0 0 612.75 1000
277 179 882 0 0 0 226.125 1000
284 250 1362.58 0 0 0 579.649 1414.21
284 188 937 0 0 0 589.375 1000
284 64 1352.68 0 0 0 526.264 1414.21
284 160 1000 0 0 0 438.125 1000
160 228 1307.42 0 0 0 276.125 1414.21
160 317 1000 0 0 0 186.75 1000
160 64 959 0 0 0 392.25 1000
160 88 1372.48 0 0 0 537.755 1414.21
317 228 815 0 0 0 421.125 1000
317 278 1368.23 0 0 0 72.4784 1414.21
317 87 1371.06 380.424 0 0 251.376 1414.21
317 180 954 0 0 0 39.125 1000
180 100 825 0 0 0 546.875 1000
180 191 1413.49 354.968 0 0 239.355 1414.21
180 87 947 0 0 0 166.125 1000
180 7 1327.22 0 0 0 298.399 1414.21
100 214 756.5 0 0 0 515.125 1000
100 307 1317.32 312.541 0 0 233.52 1414.21
100 116 1293.28 0 0 0 443.532 1414.21
100 7 997.5 0 0 0 141.812 1000
214 306 1400.05 0 0 23.3345 295.924 1414.21
214 113 1322.27 0 1.06066 0 307.414 1414.21
214 116 958.5 396 0 0 678.625 1000
214 209 913.5 0 0 0 235.875 1000
209 260 958 0 0 0 132.25 1000
209 113 953 0 0 0 85.875 1000
209 33 1355.51 0 0 0 323.148 1414.21
209 167 1352.68 0 0.353553 24.3952 284.609 1414.21
260 258 1369.65 0 0 0 68.7661 1414.21
260 70 1371.06 36.7696 0 0 299.46 1414.21
260 165 951 0 0 0 115.125 1000
260 167 956 0 0 0 286.25 1000
165 80 1000 0 0 0 208.5 1000
165 70 712 27.5 0 0 225 1000
165 164 1369.65 0 0 220.617 3.0052 1414.21
165 309 1372.48 0 0 84.8529 83.9689 1414.21
80 213 1324.39 0 0 0 136.295 1414.21
80 308 827 129 0 0 147.75 1000
80 309 945 0 0 0 132.625 1000
80 79 1372.48 0 0 140.007 168.114 1414.21
308 213 1000 113 0 0 142.875 1000
308 304 1277.73 0 0 150.614 37.1231 1414.21
308 114 1413.49 0 0 208.95 19.799 1414.21
308 210 1000 0 0 0 93.75 1000
210 112 1000 0 0 0 29 1000
210 114 1000 0 0 0 23.5 1000
210 208 1355.51 0 0 135.765 147.785 1414.21
210 18 1413.49 15.5563 0 161.22 79.5494 1414.21
112 111 1413.49 0 0 24.3952 27.0468 1414.21
112 241 1361.16 0 0 78.4889 241.476 1414.21
112 17 956 0 0 0 191.812 1000
112 18 1000 13.5 0 0 104.5 1000
17 253 955 258.5 0 0 187.312 1000
17 241 1000 0 0 0 49.9375 1000
17 27 1314.5 0 1.06066 0 153.707 1414.21
17 162 1413.49 0 0 0 137.797 1414.21
253 66 1413.49 101.116 0.353553 0 96.5197 1414.21
253 161 923 89.5 0 0 157.375 1000
253 162 844 139.5 0 0 323.938 1000
253 252 1368.23 99.7021 0 0 143.896 1414.21
161 66 945 0 0 0 55.25 1000
161 4 1000 0 0 0 91.375 1000
161 93 1413.49 346.483 0 0 517.249 1414.21
161 233 1266.41 0 0 0 153.972 1414.21
4 3 1000 325 0 0 242.375 1000
4 92 1369.65 374.767 0 75.3069 290.443 1414.21
4 232 1413.49 120.208 0 0 180.488 1414.21
4 233 1000 0 0 0 73.25 1000
3 91 1369.65 0 0 37.1231 579.298 1414.21
3 231 1199.95 0 0 0 560.382 1414.21
3 232 1000 297.5 0 0 166.375 1000
3 2 911 0 0 0 335.5 1000
2 236 1413.49 0 0 0 154.856 1414.21
2 231 957 0 0 0 494.562 1000
2 8 1000 0 0 0 454.625 1000
2 101 1413.49 0 0 12.7279 716.83 1414.21
8 28 1413.49 0 0 0 626.32 1414.21
8 236 1000 0 0 0 176.625 1000
8 163 1413.49 0 0 1.06066 679.174 1414.21
8 254 1000 294 0 0 474.812 1000
254 283 950 0 0 0 463.062 1000
254 163 1000 56 0 0 346.938 1000
254 51 1173.08 0 0 0 801.944 1414.21
254 187 1324.39 0 0 0 612.265 1414.21
283 82 750 0 0 0 549.125 1000
283 177 1372.48 0 0 0 740.698 1414.21
283 310 1373.89 0 0 0 707.461 1414.21
283 187 960 0 0 0 525.438 1000
82 294 931 0 0 0 688.375 1000
82 65 1413.49 0 0 0 866.911 1414.21
82 310 799 0 0 0 623.625 1000
82 196 1232.47 0 0 0 820.421 1414.21
294 211 911.5 0 0 0 464.75 1000
294 305 1129.24 0 0 0 713.117 1414.21
294 115 1351.26 0 0 0 714.354 1414.21
294 196 1000 0 0 0 662 1000
211 90 1318.03 0 0 0 630.917 1414.21
211 115 716.5 0 0 0 489.625 1000
212 277 1400.05 0 0 0 418.078 1414.21
212 129 908.5 0 0 0 318.312 1000
212 72 1206.31 0 1.06066 0 397.041 1414.21
212 179 951.5 0 0 0 357.25 1000
179 188 855 0 0 0 463.75 1000
179 284 973.677 0 0 0 771.274 1414.21
179 72 932 0 0 0 207.25 1000
179 97 1201.36 0 0 0 504.344 1414.21
188 293 1371.06 0 0 0 270.645 1414.21
188 64 933 0 0 0 205.625 1000
188 160 1311.67 0 0 0 392.975 1414.21
188 97 957 0 0 0 391.688 1000
64 228 885 0 0 0 377.25 1000
64 293 837 0 0 0 89.875 1000
64 317 1315.91 0 0 35.0018 271.883 1414.21
64 130 1311.67 0 0 0 164.755 1414.21
228 315 1341.37 0 0 2.12132 332.164 1414.21
228 87 892 0 0 0 190 1000
228 130 973.5 333 0 0 103.375 1000
228 180 1250.86 91.9239 0 9.54594 473.586 1414.21
87 100 1368.23 0 0 26.5165 319.612 1414.21
87 315 804 0 0 0 64.375 1000
87 235 1371.06 0 0 6.36396 297.161 1414.21
87 7 900.5 0 0 0 160.562 1000
7 214 1344.9 206.475 0 0 644.791 1414.21
7 22 1197.83 335.169 0 1.06066 302.552 1414.21
7 235 902.5 0 0 0 181.438 1000
7 116 909.5 0 0 0 230.312 1000
116 19 1413.49 0 0 0 219.202 1414.21
116 22 1000 0 0 0 270.5 1000
116 113 1000 0 0 0 141.75 1000
116 209 1354.09 0 0 0 377.419 1414.21
113 19 1000 0 0 0 191 1000
113 260 1259.34 0 0 1.06066 310.242 1414.21
113 71 1413.49 0 2.12132 9.54594 222.914 1414.21
113 167 1000 0 0 0 171.375 1000
167 70 736 92.5 0 0 168.25 1000
167 71 1000 317 0 0 85.75 1000
167 165 1325.81 0 0 0 500.28 1414.21
167 299 1368.23 0 0 11.6673 120.915 1414.21
70 80 1361.16 34.6482 0 0 233.344 1414.21
70 215 1413.49 300.521 0 127.279 134.173 1414.21
70 309 1000 89.5 0 0 29.5 1000
70 299 957 313.5 0 0 66.6875 1000
309 213 867 0 0 0 92 1000
309 215 1000 0 0 0 98.9375 1000
309 308 1322.98 442.649 0 29.6985 173.594 1414.21
309 117 1413.49 0 0 150.614 61.5183 1414.21
213 20 1310.25 0 0 113.491 313.601 1414.21
213 114 1000 0 0 0 338.375 1000
213 117 946 0 0 0 258.5 1000
213 210 1413.49 0 0 51.9724 356.912 1414.21
114 20 958 0 0 0 74.75 1000
114 112 1413.49 0 0 50.9117 351.786 1414.21
114 242 1263.58 0 0 22.2739 202.585 1414.21
114 18 1000 42.5 0 0 214.875 1000
18 241 955 97.5 0 0 78.875 1000
18 242 956 364.5 0 0 243.562 1000
18 17 1369.65 21.9203 0 0 155.74 1414.21
18 149 1366.82 290.621 0 0 412.421 1414.21
241 253 1371.06 202.233 0 0 209.48 1414.21
241 67 1413.49 0 0 0 295.04 1414.21
241 162 1000 0 0 0 136.312 1000
241 149 949 0 0 0 122.5 1000
162 66 951 0 0 0 38.0625 1000
162 67 1000 0 0 0 80.375 1000
162 161 1328.64 0 0 0 116.23 1414.21
162 295 1413.49 0 0 0 216.639 1414.21
66 4 1368.23 0 0 0 50.0278 1414.21
66 137 1413.49 0 0 0 101.823 1414.21
66 295 913 0 0 0 125.125 1000
66 233 1000 0 0 0 25.625 1000
233 3 1413.49 0 0 3.18198 298.399 1414.21
233 136 1369.65 0 0 0 417.899 1414.21
233 137 1000 0 0 0 227.312 1000
233 232 1000 46.5 0 0 117.75 1000
232 135 1310.25 144.957 0 0 146.548 1414.21
232 136 918 60.5 0 0 33.25 1000
232 231 883 264.5 0 0 431.062 1000
232 2 1195.7 300.521 0 0 810.166 1414.21
231 135 1000 0 0 0 131.188 1000
231 236 946 357 0 0 67.5625 1000
231 8 1362.58 272.943 0 0 314.043 1414.21
231 141 1116.51 60.8112 0 0 567.895 1414.21
236 163 1000 0 0 0 180 1000
236 254 1413.49 356.382 0 0 393.681 1414.21
236 141 942.5 0 0 0 11.625 1000
236 69 1368.23 367.696 0 0 473.939 1414.21
163 283 1368.23 0 0 0 793.196 1414.21
163 94 1284.8 0 0 0 805.923 1414.21
163 187 891 0 0 0 568.312 1000
163 69 945 308 0 0 665.062 1000
187 82 1068.43 0 0 0 822.45 1414.21
187 216 1413.49 0 0.353553 0 358.063 1414.21
187 94 961 0 0 0 355.375 1000
187 310 1000 0 0 0 331.812 1000
310 294 1371.06 0 0 0 798.323 1414.21
310 216 1000 0 0 0 351.562 1000
310 103 1366.82 0 0 0 773.043 1414.21
310 196 958 0 0 0 607.75 1000
196 211 1407.83 0 0 0 750.771 1414.21
196 103 912 401 0 0 500 1000
196 115 951 0 0 0 488.125 1000
129 72 1000 0 0 0 97.4375 1000
129 301 957 0 0 0 401.312 1000
129 179 1371.06 0 0 134.704 287.88 1414.21
129 273 1371.06 253.144 0 80.6102 443.798 1414.21
72 188 1175.91 0 0 64.7003 369.286 1414.21
72 6 1372.48 0 0 0 321.203 1414.21
72 97 879 0 0 0 566.062 1000
72 273 958 0 0 0 234.688 1000
97 293 1000 225 0 0 250.812 1000
97 64 1280.56 0 0 0 341.444 1414.21
97 6 1000 246 0 0 174.938 1000
97 195 1413.49 379.01 0 0 328.716 1414.21
293 228 1284.8 0 0 54.0937 213.015 1414.21
293 31 1300.35 0 0 0 156.623 1414.21
293 130 915.5 0 0 0 187.625 1000
293 195 1000 0 0 0 139.5 1000
130 315 955.5 0 0 0 40.875 1000
130 31 850.5 0 0 0 207 1000
130 87 1361.87 0 0 105.005 105.005 1414.21
130 225 1303.89 0 0 1.06066 166.7 1414.21
315 226 1368.23 0 0 3.18198 257.386 1414.21
315 235 916 0 0 0 275.5 1000
315 7 1324.39 0 2.12132 138.947 251.905 1414.21
315 225 895 43 0 0 171.625 1000
235 226 1000 0 0 0 62.25 1000
235 22 957 0 0 0 190 1000
235 116 1366.82 291.328 0 20.1525 197.105 1414.21
235 246 1368.23 0 0 1.06066 291.505 1414.21
22 19 1000 0 0 0 103.375 1000
22 113 1413.49 0 0 0 360.801 1414.21
22 244 1413.49 254.559 0 26.5165 153.972 1414.21
22 246 891 0 0 0 112.125 1000
19 300 1366.82 379.01 0 0 255.619 1414.21
19 71 1000 0 0 0 55.625 1000
19 244 1000 0 0 0 188 1000
19 167 1413.49 0 0 0 28.1075 1414.21
71 300 872 0 0 0 123.5 1000
71 70 1313.08 528.916 0 0 278.954 1414.21
71 203 1301.77 0 0 12.7279 305.47 1414.21
71 299 956 0 0 0 303.062 1000
299 215 954 0 0 0 124.875 1000
299 203 1000 0 0 0 285.938 1000
299 309 1365.41 0 0 0 445.566 1414.21
299 119 976.505 0 0 0 195.249 1414.21
215 213 1313.08 0 0 0 168.91 1414.21
215 21 1413.49 0 0 163.342 176.865 1414.21
215 117 1000 0 0 0 83.9375 1000
215 119 1000 0 0 0 68.8125 1000
117 20 952 0 0 0 114.625 1000
117 21 1000 0 0 0 92.625 1000
117 114 1301.77 0 0 0 174.301 1414.21
117 245 1371.06 0 0 252.436 52.1492 1414.21
20 151 1402.18 322.441 0 91.2168 140.184 1414.21
20 242 1000 0 0 0 89.1875 1000
20 245 1000 0 0 0 120.438 1000
20 18 1314.5 182.434 0 1.06066 31.4663 1414.21
242 151 971.5 310.5 0 0 11.9375 1000
242 241 1328.64 255.973 0 0 388.468 1414.21
242 54 1355.51 0 0 0 84.4109 1414.21
242 149 958 0 0 0 140.812 1000
149 67 951 0 0 0 38.1875 1000
149 54 1000 0 0 0 93.875 1000
149 162 1369.65 0 0 0 184.908 1414.21
149 296 1248.03 0 0 0 399.694 1414.21
67 66 1371.06 0 0 0 398.014 1414.21
67 199 1222.57 357.796 0 0 145.575 1414.21
67 295 1000 0 0 0 89.3125 1000
67 296 958 0 0 0 12.5 1000
295 38 1242.37 0 0 0 81.4939 1414.21
295 199 958 136.5 0 0 146.812 1000
295 137 956 0 0 0 23.8125 1000
295 233 1371.06 0 0 0 114.198 1414.21
137 38 936 0 0 0 81.9375 1000
137 136 938 0 0 0 212.938 1000
137 232 1279.14 36.7696 0 0 261.54 1414.21
137 37 1372.48 0 0 0 133.024 1414.21
136 135 957 0 0 0 234.625 1000
136 231 1352.68 0 0 0 193.217 1414.21
136 36 1348.44 0 0 0 332.871 1414.21
136 37 1000 0 0 0 78.5625 1000
135 236 1355.51 0 0 0 194.808 1414.21
135 44 1413.49 0 0 0 240.061 1414.21
135 36 1000 0 0 0 189 1000
135 141 985.5 0 0 0 142.125 1000
141 163 1370.36 0 0 0 781.352 1414.21
141 44 853.5 188 0 0 94.25 1000
141 298 1090.35 0 0 0 633.39 1414.21
141 69 917.5 38 0 0 293.438 1000
69 5 1371.06 0 0 0 458.294 1414.21
69 94 910 0 0 0 317.5 1000
69 298 1000 0 0 0 283.438 1000
69 187 1318.74 0 0 0 434.077 1414.21
94 120 1413.49 0 0 0 321.469 1414.21
94 5 1000 0 0 0 234.188 1000
94 216 792 0 0 0 349 1000
94 310 1356.92 0 0 0 543.855 1414.21
216 120 958 0 0 0 281.625 1000
216 103 959 0 0 0 318.562 1000
216 196 1180.15 0 0 0 800.355 1414.21
103 115 1222.57 0 0 20.1525 425.324 1414.21
301 72 1355.51 302.642 0 0 413.304 1414.21
301 273 948 0 0 0 398.438 1000
273 234 1413.49 0 0 0 83.8804 1414.21
273 6 1000 0 0 0 257.062 1000
273 97 1371.06 0 0 0 128.251 1414.21
6 293 1413.49 181.019 0 0 228.572 1414.21
6 234 1000 0 0 0 244.375 1000
6 104 1413.49 322.441 0 0 273.827 1414.21
6 195 1000 293 0 0 13.75 1000
195 31 955 300 0 0 148.125 1000
195 104 959 0 0 0 158.5 1000
195 130 1318.74 0 0 27.5772 237.234 1414.21
195 259 1347.02 0 0 0 163.872 1414.21
31 315 1246.61 268.701 0 18.0312 204.53 1414.21
31 127 1413.49 0 0 0 102.707 1414.21
31 225 948 0 0 0 198.625 1000
31 259 1000 0 0 0 108.75 1000
225 226 932 0 0 0 158 1000
225 235 1371.06 0 0 106.066 180.312 1414.21
225 127 953 195 0 0 239.688 1000
225 11 1335.71 233.345 0 3.18198 160.159 1414.21
226 22 1232.47 0 0 170.766 230.517 1414.21
226 155 1368.23 0 0 0 62.2254 1414.21
226 11 806 112.5 0 0 125.688 1000
226 246 953 0 0 0 122.125 1000
246 19 1365.41 306.885 0 0 133.466 1414.21
246 152 1413.49 0 0 105.005 141.421 1414.21
246 155 1000 0 0 0 45.5 1000
246 244 953 0 0 0 121.625 1000
244 300 954 0 0 0 41.25 1000
244 152 933 0 0 0 43 1000
244 71 1413.49 234.76 0 0 226.981 1414.21
244 205 1324.39 0 0 0 138.416 1414.21
300 109 1413.49 0 0 46.6691 59.5738 1414.21
300 203 951 0 0 0 35 1000
300 205 1000 0 0 0 70.375 1000
300 299 1371.06 0 0 0 227.158 1414.21
203 109 950 0 0 0 179.375 1000
203 215 1371.06 0 0 0 44.1942 1414.21
203 24 1413.49 0 0 21.2132 194.807 1414.21
203 119 948 0 0 0 95.125 1000
119 247 1332.88 0 0 0 188.09 1414.21
119 21 1000 0 0 0 114.375 1000
119 24 901 0 0 0 243.75 1000
119 117 1413.49 0 0 2.12132 160.866 1414.21
21 247 845 0 0 0 245.75 1000
21 20 1349.85 0 0 0 119.501 1414.21
21 153 1324.39 380.424 0 79.5496 171.296 1414.21
21 245 954 0 0 0 156.438 1000
245 151 884.5 82.5 0 0 79.0625 1000
245 153 958 0 0 0 80.8125 1000
245 242 1413.49 0 0 0 213.811 1414.21
245 57 1369.65 0 0 40.3051 151.585 1414.21
151 286 1206.31 276.479 0 0 137.002 1414.21
151 54 913.5 28.5 0 0 18.625 1000
151 57 934.5 7.5 0 0 218.75 1000
151 149 1281.26 188.798 0 0 157.684 1414.21
54 286 955 178 0 0 278.625 1000
54 67 1286.21 343.654 0 0 162.28 1414.21
54 201 1362.58 0 0 0 201.879 1414.21
54 296 958 0 0 0 263.562 1000
296 106 1356.92 0 0 0 236.615 1414.21
296 199 1000 192.5 0 0 67 1000
296 201 1000 0 0 0 270.688 1000
296 295 1311.67 0 0 0 143.454 1414.21
199 106 872 234.5 0 0 222 1000
199 38 945 151.5 0 0 123.312 1000
199 137 1113.68 139.3 0 0 366.547 1414.21
199 267 1328.64 163.342 0 0 460.062 1414.21
38 136 1413.49 0 0 0 193.747 1414.21
38 266 1371.06 0 0 0 162.457 1414.21
38 267 957 0 0 0 154.375 1000
38 37 1000 0 0 0 105.312 1000
37 135 1188.63 0 0 0 365.839 1414.21
37 264 1245.2 0 0 0 333.489 1414.21
37 266 948 0 0 0 78.5 1000
37 36 947 0 0 0 116.688 1000
36 276 1330.05 0 0 0 102.884 1414.21
36 264 944 0 0 0 158.375 1000
36 44 788 0 0 0 220 1000
36 141 1397.93 0 0 0 298.576 1414.21
44 276 898 0 0 0 277.75 1000
44 202 1371.06 0 0 0 387.85 1414.21
44 298 886 0 0 0 282.875 1000
44 69 1270.66 0 0 0 402.167 1414.21
298 5 955 0 0 0 161.375 1000
298 202 950 0 0 0 171.625 1000
298 94 1366.82 0 0 0 334.991 1414.21
5 120 1000 0 0 0 513.688 1000
5 216 1311.67 0 0 0 439.999 1414.21
120 103 1372.48 0 1.06066 0 413.215 1414.21
234 9 1359.75 0 0 0 137.355 1414.21
234 104 1000 0 0 0 170.375 1000
234 195 1362.58 329.512 0 0 280.72 1414.21
104 9 948 0 0 0 55.625 1000
104 31 1413.49 0 0 1.06066 151.851 1414.21
104 166 1365.41 0 0 0 194.454 1414.21
104 259 1000 0 0 0 7.375 1000
259 30 1344.19 0 0 0 124.274 1414.21
259 127 1000 0 0 0 107.062 1000
259 166 947 0 0 0 105 1000
259 225 1371.06 0 0 13.7886 214.43 1414.21
127 30 948 0 0 0 206.688 1000
127 226 1157.52 322.441 0 211.071 135.145 1414.21
127 237 1293.28 0 0 0 53.8285 1414.21
127 11 949 441.5 0 0 105.25 1000
11 61 1413.49 99.7021 0 1.06066 66.5565 1414.21
11 237 1000 200.5 0 0 62.3125 1000
11 155 1000 54.5 0 0 31.3125 1000
11 246 1413.49 51.6188 0 239.709 122.418 1414.21
155 59 1371.06 0 0 64.7003 204.53 1414.21
155 61 1000 0 0 0 53 1000
155 152 1000 0 0 0 30.875 1000
155 244 1362.58 0 0 51.9724 146.901 1414.21
152 59 960 0 0 0 196.25 1000
152 300 1235.3 0 0 0 103.768 1414.21
152 110 1324.39 0 0 0 155.033 1414.21
152 205 886 122 0 0 158.375 1000
205 109 1000 0 0 0 95 1000
205 110 959 0 0 0 190.375 1000
205 203 1334.29 0 0 0 202.056 1414.21
205 14 1293.28 0 0 2.12132 220.793 1414.21
109 249 1372.48 272.943 0 169.705 234.405 1414.21
109 24 953 210 0 0 131.75 1000
109 14 856 0 0 0 237.938 1000
109 119 1328.64 0 0 0 20.6829 1414.21
24 247 1000 0 0 0 225.875 1000
24 249 954 0 0 0 250.125 1000
24 21 1372.48 0 0 0 43.8406 1414.21
24 156 1413.49 0 0 0 286.377 1414.21
247 60 1371.06 294.157 0 20.1525 269.938 1414.21
247 153 916 0 0 0 135.875 1000
247 156 1000 0 0 0 198.125 1000
247 245 1322.98 347.897 0 0 383.075 1414.21
153 60 959 0 0 0 166.625 1000
153 151 1307.42 12.7279 0 0 223.799 1414.21
153 288 1362.58 0 0 0 147.254 1414.21
153 57 1000 0 0 0 97.75 1000
57 286 923 0 0 0 86.625 1000
57 288 957 0 0 0 265.5 1000
57 54 1366.82 0 0 0 93.5149 1414.21
57 189 1371.06 0 0 0 190.211 1414.21
286 107 1413.49 193.747 0 0 445.125 1414.21
286 201 1000 0 0 0 123.75 1000
286 189 878 0 0 0 210.875 1000
286 296 1413.49 0 0.353553 0 149.729 1414.21
201 106 951 0 0 0 45.6875 1000
201 107 1000 121.5 0 0 99.4375 1000
201 199 1365.41 268.701 0 0 171.296 1414.21
201 10 1358.34 0 0 0 120.031 1414.21
106 38 1306.01 0 0 0 218.407 1414.21
106 170 1413.49 0 0 0 291.063 1414.21
106 10 1000 0 0 0 165.062 1000
106 267 944 0 0 0 195.938 1000
267 169 1351.26 0 0 0 294.51 1414.21
267 170 957 0 0 0 58.25 1000
267 266 1000 0 0 0 85.5625 1000
267 37 1352.68 0 0 0 183.847 1414.21
266 169 1000 0 0 0 149.625 1000
266 264 949 0 0 0 227.438 1000
266 36 1301.77 0 0 0 223.533 1414.21
266 178 1361.16 0 0 0 200.553 1414.21
264 276 958 0 0 0 124.875 1000
264 44 1368.23 0 0 0 391.56 1414.21
264 178 1000 0 0 0 176.875 1000
276 202 1000 0 0 0 58 1000
276 298 1334.29 284.257 0 0 454.316 1414.21
202 5 1372.48 0 1.06066 0 265.694 1414.21
9 166 1000 0 0 0 303.25 1000
9 259 1351.26 0 0 0 244.305 1414.21
166 30 1000 0 0 0 93.125 1000
166 127 1300.35 0 0 0 183.493 1414.21
30 144 1413.49 357.796 0 2.12132 243.243 1414.21
30 237 944 0 0 0 66.5 1000
30 11 1371.06 280.015 0 218.496 156.801 1414.21
237 144 958 0 0 0 229.75 1000
237 61 809 0 0 0 108.25 1000
237 155 1413.49 0 0 243.951 135.057 1414.21
237 291 1188.63 0 0 3.18198 159.452 1414.21
61 59 891 0 0 0 131.5 1000
61 152 1413.49 0 0 0 101.293 1414.21
61 289 1262.17 0 0 0 427.448 1414.21
61 291 882.5 0 0 0 112.125 1000
59 15 1362.58 0 0 0 73.539 1414.21
59 110 959 0 0 0 77.5 1000
59 289 1000 317 0 0 0 1000
59 205 1235.3 284.257 0 0 261.276 1414.21
110 15 955 0 0 0 59.8125 1000
110 109 1363.99 0 0 1.06066 129.4 1414.21
110 238 1361.16 0 0 253.497 256.679 1414.21
110 14 958 0 0 0 190.938 1000
14 249 1000 0 0 0 147.812 1000
14 238 1000 0 0 0 40 1000
14 24 1371.06 0 0 0 224.064 1414.21
14 157 1413.49 0 0 231.223 125.246 1414.21
249 247 1369.65 0 0 0 106.243 1414.21
249 62 1372.48 0 0 129.401 201.171 1414.21
249 156 941 0 0 0 218.25 1000
249 157 1000 0 0 0 103 1000
156 60 709 0 0 0 84.5 1000
156 62 957 227 0 0 74.875 1000
156 153 1232.47 367.696 0 0 161.75 1414.21
156 290 1249.44 0 0 0 344.362 1414.21
60 192 1117.92 0 0 1.06066 316.429 1414.21
60 288 1000 0 0 0 208.375 1000
60 290 950 0 0 0 147.875 1000
60 57 1345.61 0 0 0 163.695 1414.21
288 192 1000 265 0 0 357.125 1000
288 286 1369.65 0 0 0 173.948 1414.21
288 99 1129.24 0 0 0 962.013 1414.21
288 189 1000 0 0 0 151.5 1000
189 107 956 374.5 0 0 173.188 1000
189 99 916.5 0 0 0 455.375 1000
189 201 1368.23 0 0 0 255.264 1414.21
189 12 1301.77 0 0 0 247.486 1414.21
107 106 1284.8 176.07 0 0 233.433 1414.21
107 10 935 292.5 0 0 171.812 1000
107 12 826 456.5 0 0 216.312 1000
10 170 1000 303 0 0 77.75 1000
10 267 1331.47 0 0 0 240.238 1414.21
170 169 885 0 0 0 324.188 1000
170 266 1358.34 0 0 0 110.839 1414.21
169 264 1369.65 0 0 0 60.1925 1414.21
169 178 733 0 0 0 146.812 1000
178 276 1355.51 0 0 0 399.869 1414.21
144 61 1371.06 0 0 133.643 159.275 1414.21
144 291 961.5 0 0 0 203.625 1000
291 59 1364.7 0 0 0 142.128 1414.21
291 289 979.5 0 0 0 159.875 1000
289 15 959 0 0 0 103.062 1000
289 110 1361.16 0 0 0 114.905 1414.21
15 238 959 0 0 0 40.375 1000
15 14 1318.74 0 0 0 195.603 1414.21
238 249 1413.49 0 0 0 111.988 1414.21
238 157 1000 0 0 0 53.8125 1000
157 62 1000 0 0 0 44.625 1000
157 156 1330.05 0 0 0 423.734 1414.21
62 60 1330.05 0 0 0 252.613 1414.21
62 290 955 0 0 0 189.75 1000
290 192 810 0 0 0 261.125 1000
290 288 1345.61 0 0 0 259.154 1414.21
192 99 873.5 0 0 0 357.875 1000
192 189 1413.49 0 0 0 623.664 1414.21
99 107 1274.19 261.63 0 0 513.007 1414.21
99 12 973.5 0 0 0 355.125 1000
12 10 1311.67 0 0 0 542.882 1414.21
